&parameters
outfname	='test.dat',
alpha		=3d0,
Deltamag	=1d0
Deltamag1	=0d0

Lmax		=10000.0000001d0,
Lmax1		=1.0000001d0,

dkfrac		=10.,
secant		=20,

epsmin		=0d0,
epsmax		=1.

dL		=.001d0,
potshift	= 5d3,
pot		=200d-10,
Lj		=.010d-10
mass		=1d0,
 Deltaphase2	=  0.35999999999999999     
 bmag		=   5.0000000000000000     
 mu0		=   20.000000000000000     
 mu01		=   20.000000000000000     
 SCmass		=   10.000000000000000     
 /
